<?xml version="1.0"?>
<opencv_storage>
<Intrinsics type_id="opencv-matrix">
  <rows>3</rows>
  <cols>3</cols>
  <dt>f</dt>
  <data>
    2.22733301e+003 0. 3.84186066e+002 0. 2.22665454e+003
    2.99351746e+002 0. 0. 1.</data></Intrinsics>
</opencv_storage>
